0 100.0
0.1 91.0
0.2 82.9
0.3 75.61
0.4 69.049
0.5 63.1441
0.6 57.82969
0.7 53.046721
0.8 48.7420489
0.9 44.86784401
1.0 41.381059609
1.1 38.2429536481
1.2 35.4186582833
1.3 32.876792455
1.4 30.5891132095
1.5 28.5302018885
1.6 26.6771816997
1.7 25.0094635297
1.8 23.5085171767
1.9 22.1576654591
2.0 20.9418989132
2.1 19.8477090218
2.2 18.8629381197
2.3 17.9766443077
2.4 17.1789798769
2.5 16.4610818892
2.6 15.8149737003
2.7 15.2334763303
2.8 14.7101286972
2.9 14.2391158275
3.0 13.8152042448
3.1 13.4336838203
3.2 13.0903154383
3.3 12.7812838944
3.4 12.503155505
3.5 12.2528399545
3.6 12.027555959
3.7 11.8248003631
3.8 11.6423203268
3.9 11.4780882941
4.0 11.3302794647
4.1 11.1972515183
4.2 11.0775263664
4.3 10.9697737298
4.4 10.8727963568
4.5 10.7855167211
4.6 10.706965049
4.7 10.6362685441
4.8 10.5726416897
4.9 10.5153775207
5.0 10.4638397687
5.1 10.4174557918
5.2 10.3757102126
5.3 10.3381391914
5.4 10.3043252722
5.5 10.273892745
5.6 10.2465034705
5.7 10.2218531234
5.8 10.1996678111
5.9 10.17970103
6.0 10.161730927
6.1 10.1455578343
6.2 10.1310020509
6.3 10.1179018458
6.4 10.1061116612
6.5 10.0955004951
6.6 10.0859504456
6.7 10.077355401
6.8 10.0696198609
6.9 10.0626578748
7.0 10.0563920873
7.1 10.0507528786
7.2 10.0456775907
7.3 10.0411098317
7.4 10.0369988485
7.5 10.0332989637
7.6 10.0299690673
7.7 10.0269721606
7.8 10.0242749445
7.9 10.0218474501
8.0 10.019662705
8.1 10.0176964345
8.2 10.0159267911
8.3 10.014334112
8.4 10.0129007008
8.5 10.0116106307
8.6 10.0104495676
8.7 10.0094046109
8.8 10.0084641498
8.9 10.0076177348
9.0 10.0068559613
9.1 10.0061703652
9.2 10.0055533287
9.3 10.0049979958
9.4 10.0044981962
9.5 10.0040483766
9.6 10.0036435389
9.7 10.003279185
9.8 10.0029512665
9.9 10.0026561399
10.0 10.0023905259
10.1 10.0021514733
10.2 10.001936326
10.3 10.0017426934
10.4 10.001568424
10.5 10.0014115816
10.6 10.0012704235
10.7 10.0011433811
10.8 10.001029043
10.9 10.0009261387
11.0 10.0008335248
11.1 10.0007501724
11.2 10.0006751551
11.3 10.0006076396
11.4 10.0005468756
11.5 10.0004921881
11.6 10.0004429693
11.7 10.0003986723
11.8 10.0003588051
11.9 10.0003229246
12.0 10.0002906321
12.1 10.0002615689
12.2 10.000235412
12.3 10.0002118708
12.4 10.0001906837
12.5 10.0001716154
12.6 10.0001544538
12.7 10.0001390085
12.8 10.0001251076
12.9 10.0001125968
13.0 10.0001013372
13.1 10.0000912034
13.2 10.0000820831
13.3 10.0000738748
13.4 10.0000664873
13.5 10.0000598386
13.6 10.0000538547
13.7 10.0000484693
13.8 10.0000436223
13.9 10.0000392601
14.0 10.0000353341
14.1 10.0000318007
14.2 10.0000286206
14.3 10.0000257585
14.4 10.0000231827
14.5 10.0000208644
14.6 10.000018778
14.7 10.0000169002
14.8 10.0000152102
14.9 10.0000136891
15.0 10.0000123202
15.1 10.0000110882
15.2 10.0000099794
15.3 10.0000089814
15.4 10.0000080833
15.5 10.000007275
15.6 10.0000065475
15.7 10.0000058927
15.8 10.0000053035
15.9 10.0000047731
16.0 10.0000042958
16.1 10.0000038662
16.2 10.0000034796
16.3 10.0000031316
16.4 10.0000028185
16.5 10.0000025366
16.6 10.000002283
16.7 10.0000020547
16.8 10.0000018492
16.9 10.0000016643
17.0 10.0000014979
17.1 10.0000013481
17.2 10.0000012133
17.3 10.0000010919
17.4 10.0000009827
17.5 10.0000008845
17.6 10.000000796
17.7 10.0000007164
17.8 10.0000006448
17.9 10.0000005803
18.0 10.0000005223
18.1 10.00000047
18.2 10.000000423
18.3 10.0000003807
18.4 10.0000003427
18.5 10.0000003084
18.6 10.0000002776
18.7 10.0000002498
18.8 10.0000002248
18.9 10.0000002023
19.0 10.0000001821
19.1 10.0000001639
19.2 10.0000001475
19.3 10.0000001328
19.4 10.0000001195
19.5 10.0000001075
19.6 10.0000000968
19.7 10.0000000871
19.8 10.0000000784
19.9 10.0000000706
20.0 10.0000000635
20.1 10.0000000571
20.2 10.0000000514
20.3 10.0000000463
20.4 10.0000000417
20.5 10.0000000375
20.6 10.0000000337
20.7 10.0000000304
20.8 10.0000000273
20.9 10.0000000246
21.0 10.0000000221
21.1 10.0000000199
21.2 10.0000000179
21.3 10.0000000161
21.4 10.0000000145
21.5 10.0000000131
21.6 10.0000000118
21.7 10.0000000106
21.8 10.0000000095
21.9 10.0000000086
22.0 10.0000000077
22.1 10.0000000069
22.2 10.0000000063
22.3 10.0000000056
22.4 10.0000000051
22.5 10.0000000046
22.6 10.0000000041
22.7 10.0000000037
22.8 10.0000000033
22.9 10.000000003
23.0 10.0000000027
23.1 10.0000000024
23.2 10.0000000022
23.3 10.000000002
23.4 10.0000000018
23.5 10.0000000016
23.6 10.0000000014
23.7 10.0000000013
23.8 10.0000000012
23.9 10.000000001
24.0 10.0000000009
24.1 10.0000000008
24.2 10.0000000008
24.3 10.0000000007
24.4 10.0000000006
24.5 10.0000000006
24.6 10.0000000005
24.7 10.0000000004
24.8 10.0000000004
24.9 10.0000000004
25.0 10.0000000003
25.1 10.0000000003
25.2 10.0000000003
25.3 10.0000000002
25.4 10.0000000002
25.5 10.0000000002
25.6 10.0000000002
25.7 10.0000000002
25.8 10.0000000001
25.9 10.0000000001
26.0 10.0000000001
26.1 10.0000000001
26.2 10.0000000001
26.3 10.0000000001
26.4 10.0000000001
26.5 10.0000000001
26.6 10.0000000001
26.7 10.0000000001
26.8 10.0
26.9 10.0
27.0 10.0
27.1 10.0
27.2 10.0
27.3 10.0
27.4 10.0
27.5 10.0
27.6 10.0
27.7 10.0
27.8 10.0
27.9 10.0
28.0 10.0
28.1 10.0
28.2 10.0
28.3 10.0
28.4 10.0
28.5 10.0
28.6 10.0
28.7 10.0
28.8 10.0
28.9 10.0
29.0 10.0
29.1 10.0
29.2 10.0
29.3 10.0
29.4 10.0
29.5 10.0
29.6 10.0
29.7 10.0
29.8 10.0
29.9 10.0
30.0 10.0
30.1 10.0
30.2 10.0
30.3 10.0
30.4 10.0
30.5 10.0
30.6 10.0
30.7 10.0
30.8 10.0
30.9 10.0
31.0 10.0
31.1 10.0
31.2 10.0
31.3 10.0
31.4 10.0
31.5 10.0
31.6 10.0
31.7 10.0
31.8 10.0
31.9 10.0
32.0 10.0
32.1 10.0
32.2 10.0
32.3 10.0
32.4 10.0
32.5 10.0
32.6 10.0
32.7 10.0
32.8 10.0
32.9 10.0
33.0 10.0
33.1 10.0
33.2 10.0
33.3 10.0
33.4 10.0
33.5 10.0
33.6 10.0
33.7 10.0
33.8 10.0
33.9 10.0
34.0 10.0
34.1 10.0
34.2 10.0
34.3 10.0
34.4 10.0
34.5 10.0
34.6 10.0
34.7 10.0
34.8 10.0
34.9 10.0
35.0 10.0
35.1 10.0
35.2 10.0
35.3 10.0
35.4 10.0
35.5 10.0
35.6 10.0
35.7 10.0
35.8 10.0
35.9 10.0
36.0 10.0
36.1 10.0
36.2 10.0
36.3 10.0
36.4 10.0
36.5 10.0
36.6 10.0
36.7 10.0
36.8 10.0
36.9 10.0
37.0 10.0
37.1 10.0
37.2 10.0
37.3 10.0
37.4 10.0
37.5 10.0
37.6 10.0
37.7 10.0
37.8 10.0
37.9 10.0
38.0 10.0
38.1 10.0
38.2 10.0
38.3 10.0
38.4 10.0
38.5 10.0
38.6 10.0
38.7 10.0
38.8 10.0
38.9 10.0
39.0 10.0
39.1 10.0
39.2 10.0
39.3 10.0
39.4 10.0
39.5 10.0
39.6 10.0
39.7 10.0
39.8 10.0
39.9 10.0
40.0 10.0
40.1 10.0
40.2 10.0
40.3 10.0
40.4 10.0
40.5 10.0
40.6 10.0
40.7 10.0
40.8 10.0
40.9 10.0
41.0 10.0
41.1 10.0
41.2 10.0
41.3 10.0
41.4 10.0
41.5 10.0
41.6 10.0
41.7 10.0
41.8 10.0
41.9 10.0
42.0 10.0
42.1 10.0
42.2 10.0
42.3 10.0
42.4 10.0
42.5 10.0
42.6 10.0
42.7 10.0
42.8 10.0
42.9 10.0
43.0 10.0
43.1 10.0
43.2 10.0
43.3 10.0
43.4 10.0
43.5 10.0
43.6 10.0
43.7 10.0
43.8 10.0
43.9 10.0
44.0 10.0
44.1 10.0
44.2 10.0
44.3 10.0
44.4 10.0
44.5 10.0
44.6 10.0
44.7 10.0
44.8 10.0
44.9 10.0
45.0 10.0
45.1 10.0
45.2 10.0
45.3 10.0
45.4 10.0
45.5 10.0
45.6 10.0
45.7 10.0
45.8 10.0
45.9 10.0
46.0 10.0
46.1 10.0
46.2 10.0
46.3 10.0
46.4 10.0
46.5 10.0
46.6 10.0
46.7 10.0
46.8 10.0
46.9 10.0
47.0 10.0
47.1 10.0
47.2 10.0
47.3 10.0
47.4 10.0
47.5 10.0
47.6 10.0
47.7 10.0
47.8 10.0
47.9 10.0
48.0 10.0
48.1 10.0
48.2 10.0
48.3 10.0
48.4 10.0
48.5 10.0
48.6 10.0
48.7 10.0
48.8 10.0
48.9 10.0
49.0 10.0
49.1 10.0
49.2 10.0
49.3 10.0
49.4 10.0
49.5 10.0
49.6 10.0
49.7 10.0
49.8 10.0
49.9 10.0
50.0 10.0
50.1 10.0
50.2 10.0
50.3 10.0
50.4 10.0
50.5 10.0
50.6 10.0
50.7 10.0
50.8 10.0
50.9 10.0
51.0 10.0
51.1 10.0
51.2 10.0
51.3 10.0
51.4 10.0
51.5 10.0
51.6 10.0
51.7 10.0
51.8 10.0
51.9 10.0
52.0 10.0
52.1 10.0
52.2 10.0
52.3 10.0
52.4 10.0
52.5 10.0
52.6 10.0
52.7 10.0
52.8 10.0
52.9 10.0
53.0 10.0
53.1 10.0
53.2 10.0
53.3 10.0
53.4 10.0
53.5 10.0
53.6 10.0
53.7 10.0
53.8 10.0
53.9 10.0
54.0 10.0
54.1 10.0
54.2 10.0
54.3 10.0
54.4 10.0
54.5 10.0
54.6 10.0
54.7 10.0
54.8 10.0
54.9 10.0
55.0 10.0
55.1 10.0
55.2 10.0
55.3 10.0
55.4 10.0
55.5 10.0
55.6 10.0
55.7 10.0
55.8 10.0
55.9 10.0
56.0 10.0
56.1 10.0
56.2 10.0
56.3 10.0
56.4 10.0
56.5 10.0
56.6 10.0
56.7 10.0
56.8 10.0
56.9 10.0
57.0 10.0
57.1 10.0
57.2 10.0
57.3 10.0
57.4 10.0
57.5 10.0
57.6 10.0
57.7 10.0
57.8 10.0
57.9 10.0
58.0 10.0
58.1 10.0
58.2 10.0
58.3 10.0
58.4 10.0
58.5 10.0
58.6 10.0
58.7 10.0
58.8 10.0
58.9 10.0
59.0 10.0
59.1 10.0
59.2 10.0
59.3 10.0
59.4 10.0
59.5 10.0
59.6 10.0
59.7 10.0
59.8 10.0
59.9 10.0
60.0 10.0
60.1 10.0
60.2 10.0
60.3 10.0
60.4 10.0
60.5 10.0
60.6 10.0
60.7 10.0
60.8 10.0
60.9 10.0
61.0 10.0
61.1 10.0
61.2 10.0
61.3 10.0
61.4 10.0
61.5 10.0
61.6 10.0
61.7 10.0
61.8 10.0
61.9 10.0
62.0 10.0
62.1 10.0
62.2 10.0
62.3 10.0
62.4 10.0
62.5 10.0
62.6 10.0
62.7 10.0
62.8 10.0
62.9 10.0
63.0 10.0
63.1 10.0
63.2 10.0
63.3 10.0
63.4 10.0
63.5 10.0
63.6 10.0
63.7 10.0
63.8 10.0
63.9 10.0
64.0 10.0
64.1 10.0
64.2 10.0
64.3 10.0
64.4 10.0
64.5 10.0
64.6 10.0
64.7 10.0
64.8 10.0
64.9 10.0
65.0 10.0
65.1 10.0
65.2 10.0
65.3 10.0
65.4 10.0
65.5 10.0
65.6 10.0
65.7 10.0
65.8 10.0
65.9 10.0
66.0 10.0
66.1 10.0
66.2 10.0
66.3 10.0
66.4 10.0
66.5 10.0
66.6 10.0
66.7 10.0
66.8 10.0
66.9 10.0
67.0 10.0
67.1 10.0
67.2 10.0
67.3 10.0
67.4 10.0
67.5 10.0
67.6 10.0
67.7 10.0
67.8 10.0
67.9 10.0
68.0 10.0
68.1 10.0
68.2 10.0
68.3 10.0
68.4 10.0
68.5 10.0
68.6 10.0
68.7 10.0
68.8 10.0
68.9 10.0
69.0 10.0
69.1 10.0
69.2 10.0
69.3 10.0
69.4 10.0
69.5 10.0
69.6 10.0
69.7 10.0
69.8 10.0
69.9 10.0
70.0 10.0
70.1 10.0
70.2 10.0
70.3 10.0
70.4 10.0
70.5 10.0
70.6 10.0
70.7 10.0
70.8 10.0
70.9 10.0
71.0 10.0
71.1 10.0
71.2 10.0
71.3 10.0
71.4 10.0
71.5 10.0
71.6 10.0
71.7 10.0
71.8 10.0
71.9 10.0
72.0 10.0
72.1 10.0
72.2 10.0
72.3 10.0
72.4 10.0
72.5 10.0
72.6 10.0
72.7 10.0
72.8 10.0
72.9 10.0
73.0 10.0
73.1 10.0
73.2 10.0
73.3 10.0
73.4 10.0
73.5 10.0
73.6 10.0
73.7 10.0
73.8 10.0
73.9 10.0
74.0 10.0
74.1 10.0
74.2 10.0
74.3 10.0
74.4 10.0
74.5 10.0
74.6 10.0
74.7 10.0
74.8 10.0
74.9 10.0
75.0 10.0
75.1 10.0
75.2 10.0
75.3 10.0
75.4 10.0
75.5 10.0
75.6 10.0
75.7 10.0
75.8 10.0
75.9 10.0
76.0 10.0
76.1 10.0
76.2 10.0
76.3 10.0
76.4 10.0
76.5 10.0
76.6 10.0
76.7 10.0
76.8 10.0
76.9 10.0
77.0 10.0
77.1 10.0
77.2 10.0
77.3 10.0
77.4 10.0
77.5 10.0
77.6 10.0
77.7 10.0
77.8 10.0
77.9 10.0
78.0 10.0
78.1 10.0
78.2 10.0
78.3 10.0
78.4 10.0
78.5 10.0
78.6 10.0
78.7 10.0
78.8 10.0
78.9 10.0
79.0 10.0
79.1 10.0
79.2 10.0
79.3 10.0
79.4 10.0
79.5 10.0
79.6 10.0
79.7 10.0
79.8 10.0
79.9 10.0
80.0 10.0
80.1 10.0
80.2 10.0
80.3 10.0
80.4 10.0
80.5 10.0
80.6 10.0
80.7 10.0
80.8 10.0
80.9 10.0
81.0 10.0
81.1 10.0
81.2 10.0
81.3 10.0
81.4 10.0
81.5 10.0
81.6 10.0
81.7 10.0
81.8 10.0
81.9 10.0
82.0 10.0
82.1 10.0
82.2 10.0
82.3 10.0
82.4 10.0
82.5 10.0
82.6 10.0
82.7 10.0
82.8 10.0
82.9 10.0
83.0 10.0
83.1 10.0
83.2 10.0
83.3 10.0
83.4 10.0
83.5 10.0
83.6 10.0
83.7 10.0
83.8 10.0
83.9 10.0
84.0 10.0
84.1 10.0
84.2 10.0
84.3 10.0
84.4 10.0
84.5 10.0
84.6 10.0
84.7 10.0
84.8 10.0
84.9 10.0
85.0 10.0
85.1 10.0
85.2 10.0
85.3 10.0
85.4 10.0
85.5 10.0
85.6 10.0
85.7 10.0
85.8 10.0
85.9 10.0
86.0 10.0
86.1 10.0
86.2 10.0
86.3 10.0
86.4 10.0
86.5 10.0
86.6 10.0
86.7 10.0
86.8 10.0
86.9 10.0
87.0 10.0
87.1 10.0
87.2 10.0
87.3 10.0
87.4 10.0
87.5 10.0
87.6 10.0
87.7 10.0
87.8 10.0
87.9 10.0
88.0 10.0
88.1 10.0
88.2 10.0
88.3 10.0
88.4 10.0
88.5 10.0
88.6 10.0
88.7 10.0
88.8 10.0
88.9 10.0
89.0 10.0
89.1 10.0
89.2 10.0
89.3 10.0
89.4 10.0
89.5 10.0
89.6 10.0
89.7 10.0
89.8 10.0
89.9 10.0
90.0 10.0
90.1 10.0
90.2 10.0
90.3 10.0
90.4 10.0
90.5 10.0
90.6 10.0
90.7 10.0
90.8 10.0
90.9 10.0
91.0 10.0
91.1 10.0
91.2 10.0
91.3 10.0
91.4 10.0
91.5 10.0
91.6 10.0
91.7 10.0
91.8 10.0
91.9 10.0
92.0 10.0
92.1 10.0
92.2 10.0
92.3 10.0
92.4 10.0
92.5 10.0
92.6 10.0
92.7 10.0
92.8 10.0
92.9 10.0
93.0 10.0
93.1 10.0
93.2 10.0
93.3 10.0
93.4 10.0
93.5 10.0
93.6 10.0
93.7 10.0
93.8 10.0
93.9 10.0
94.0 10.0
94.1 10.0
94.2 10.0
94.3 10.0
94.4 10.0
94.5 10.0
94.6 10.0
94.7 10.0
94.8 10.0
94.9 10.0
95.0 10.0
95.1 10.0
95.2 10.0
95.3 10.0
95.4 10.0
95.5 10.0
95.6 10.0
95.7 10.0
95.8 10.0
95.9 10.0
96.0 10.0
96.1 10.0
96.2 10.0
96.3 10.0
96.4 10.0
96.5 10.0
96.6 10.0
96.7 10.0
96.8 10.0
96.9 10.0
97.0 10.0
97.1 10.0
97.2 10.0
97.3 10.0
97.4 10.0
97.5 10.0
97.6 10.0
97.7 10.0
97.8 10.0
97.9 10.0
98.0 10.0
98.1 10.0
98.2 10.0
98.3 10.0
98.4 10.0
98.5 10.0
98.6 10.0
98.7 10.0
98.8 10.0
98.9 10.0
99.0 10.0
99.1 10.0
99.2 10.0
99.3 10.0
99.4 10.0
99.5 10.0
99.6 10.0
99.7 10.0
99.8 10.0
99.9 10.0
